0 0.3018181818181818 0.4180327868852459 0.13090909090909092 0.12568306010928962
0 0.31636363636363635 0.14207650273224043 0.08 0.09836065573770492
0 0.5345454545454545 0.18579234972677597 0.11636363636363636 0.13114754098360656
0 0.4490909090909091 0.3907103825136612 0.13454545454545455 0.1366120218579235
0 0.6036363636363636 0.34972677595628415 0.08 0.08743169398907104
0 0.7254545454545455 0.319672131147541 0.07636363636363637 0.08196721311475409
0 0.850909090909091 0.4207650273224044 0.16727272727272727 0.15300546448087432
0 0.9309090909090909 0.29508196721311475 0.08 0.0546448087431694
0 0.8618181818181818 0.3005464480874317 0.06545454545454546 0.06557377049180328
0 0.025454545454545455 0.40437158469945356 0.05090909090909091 0.07650273224043716
0 0.20909090909090908 0.34153005464480873 0.07636363636363637 0.07103825136612021
0 0.9545454545454546 0.19672131147540983 0.03272727272727273 0.06557377049180328