0 0.1294820717131474 0.12437810945273632 0.21115537848605578 0.15920398009950248
0 0.36852589641434264 0.11691542288557213 0.20318725099601595 0.18407960199004975
0 0.6215139442231076 0.11940298507462686 0.2151394422310757 0.1791044776119403
0 0.8645418326693227 0.10696517412935323 0.20717131474103587 0.16417910447761194
0 0.13346613545816732 0.30597014925373134 0.20318725099601595 0.15422885572139303
0 0.13147410358565736 0.4975124378109453 0.199203187250996 0.1890547263681592
0 0.13346613545816732 0.7039800995024875 0.22709163346613545 0.15422885572139303
0 0.13346613545816732 0.8781094527363185 0.20318725099601595 0.14427860696517414
0 0.37649402390438247 0.8681592039800995 0.1952191235059761 0.15422885572139303
0 0.6254980079681275 0.8706467661691543 0.20717131474103587 0.15920398009950248
0 0.8645418326693227 0.8681592039800995 0.199203187250996 0.15422885572139303
0 0.8685258964143426 0.6791044776119403 0.2151394422310757 0.18407960199004975
0 0.8665338645418327 0.48009950248756217 0.1952191235059761 0.18407960199004975
0 0.8625498007968128 0.2885572139303483 0.21115537848605578 0.1691542288557214