0 0.8385498174230569 0.5425074429374793 0.17996870109546165 0.7674495534237512
0 0.041731872717788214 0.4399603043334436 0.08346374543557643 0.4631161098246775
0 0.099113197704747 0.4631161098246775 0.10954616588419405 0.4631161098246775
0 0.176056338028169 0.4730400264637777 0.11737089201877934 0.5028117763810784
0 0.23213354199269692 0.48957988752894477 0.14084507042253522 0.5755871650678134
0 0.3403755868544601 0.4978498180615283 0.13823682837767345 0.5855110817069137
0 0.40558163797600416 0.46477009593119417 0.11737089201877934 0.5921270261329805
0 0.48513302034428796 0.5028117763810784 0.1356285863328117 0.6549784981806153
0 0.5529473135106938 0.48130995699636125 0.11476264997391758 0.6450545815415151
0 0.639019300991132 0.5176976513397288 0.11476264997391758 0.7112140258021833
0 0.7459572248304642 0.48627191531591135 0.14606155451225875 0.6814422758848826