2 0.15046296296296297 0.888695987654321 0.2777777777777778 0.22260802469135801
0 0.2734375 0.7860725308641975 0.3732638888888889 0.4263117283950617
0 0.6032986111111112 0.8501157407407407 0.2806712962962963 0.29976851851851855
0 0.6032986111111112 0.625 0.22858796296296297 0.25462962962962965
0 0.9108796296296297 0.7542438271604939 0.17824074074074073 0.4591049382716049
0 0.3443287037037037 0.5748456790123457 0.2604166666666667 0.2854938271604938
0 0.1171875 0.4369212962962963 0.234375 0.2951388888888889
0 0.2025462962962963 0.31539351851851855 0.2199074074074074 0.2604166666666667
0 0.5020254629629629 0.4407793209876543 0.22280092592592593 0.29128086419753085
0 0.7899305555555556 0.36554783950617287 0.2199074074074074 0.2951388888888889
0 0.4832175925925926 0.27102623456790126 0.23148148148148148 0.1871141975308642
0 0.5020254629629629 0.1427469135802469 0.21122685185185186 0.22762345679012347
0 0.2416087962962963 0.1716820987654321 0.1996527777777778 0.18132716049382716
0 0.8174189814814815 0.1263503086419753 0.15914351851851852 0.18325617283950618
0 0.6814236111111112 0.16107253086419754 0.15335648148148148 0.1408179012345679
0 0.9615162037037037 0.42052469135802467 0.07696759259259259 0.18904320987654322
0 0.05642361111111111 0.15625 0.11284722222222222 0.22376543209876543