0 0.4621362433862434 0.34598214285714285 0.4083994708994709 0.23561507936507936
0 0.42162698412698413 0.2746651785714286 0.5753968253968254 0.26659226190476193
0 0.5472883597883598 0.4805059523809524 0.5026455026455027 0.26165674603174605
0 0.40757275132275134 0.5704117063492063 0.4877645502645503 0.23065476190476192
0 0.21825396825396826 0.6994791666666668 0.4332010582010582 0.32757936507936514
0 0.49603174603174605 0.8082465277777777 0.2976190476190476 0.3835069444444445
2 0.7959656084656085 0.7628224206349206 0.4080687830687831 0.19593253968253968
0 0.7407407407407407 0.638814484126984 0.31415343915343913 0.1661706349206349
0 0.8678902116402116 0.610280257936508 0.26421957671957674 0.2479910714285714
0 0.7547949735449735 0.9260416666666668 0.47453703703703703 0.14791666666666659
0 0.2025462962962963 0.9570436507936508 0.398478835978836 0.08591269841269832
0 0.21577380952380953 0.6970734126984127 0.4050925925925926 0.30009920634920634
0 0.7473544973544973 0.7671378968253968 0.49603174603174605 0.15997023809523808