0 0.6157826649417852 0.23546662066586166 0.5278137128072445 0.3708814904260825
0 0.47477360931435963 0.29411764705882354 0.36998706338939197 0.26392961876832843
0 0.1888745148771022 0.31309297912713474 0.23803363518758086 0.16732792823874418
0 0.314359637774903 0.2898050715887528 0.22509702457956016 0.17250301880282906
0 0.19146183699870634 0.41486976022080385 0.23285899094437257 0.13282732447817835
0 0.1591203104786546 0.9183198205968605 0.23027166882276842 0.1633603588062791
0 0.1927554980595084 0.7788511298947731 0.22509702457956016 0.16732792823874418
0 0.21733505821474774 0.6442987752285665 0.2690815006468305 0.17767810936691392
0 0.46571798188874514 0.8124892185613248 0.31047865459249674 0.1828531999309988
0 0.5717981888745148 0.9254786958771779 0.36222509702457956 0.14317750560634812
0 0.6571798188874515 0.6925996204933587 0.5226390685640362 0.30188028290495084
0 0.6649417852522639 0.5614973262032086 0.48641655886157825 0.28117992064861136
0 0.2095730918499353 0.5606348111091944 0.24838292367399742 0.16905295842677248
0 0.425614489003881 0.5131964809384164 0.23027166882276842 0.13972744523029154